4456441905189673955020233205604224338791934105873678982788583517161922539958244186369855743746346298
3438178972187976826670204015814731031051942621628309536853914192316346501232721533510759296567018853
1782278683901543927814289811785847434158803600825180835059224667696567950802148244662570814687834194
6864220788110536256041547222032138813169149629162611084294435803775268444093378140901146013318712983
6053788135262083725233834124834515792161795914499370313306731236684793957407933139714910108325252603
5188962637255102359937807393150720110581837221210979509680475097111790104509083343202336581588681592
7399677440876613263432872097058185635085231052417007719921971246359918248227594167155783350137131721
1809519761957231447121581059986701179006731628516431203692985822884214071846472458821153993887033615
7018215985159825550366312980940047213071467282804194613010974003622494359788222036416033025944082669
1191774372344981777793511926541548002912371403234432924963280613940614211733128473616064534102381777
5770635271138204242120449538619798510516133361978545096195774146750008749481709601580412788633461223
6371344533975260850024353685999413264135571489516065882233860872913880466176806247836284269260741786
9946150669850806388661252188224239523597842418549836768167655223820749861756188888774690648294049676
3158781639754422371417929671360569592291149039560176979327276643486612244811094766346430559043926709
1910926774770094093359281814177317157826313559555057843712825559563150386843568862308269924268261145
7038485355617428663237623828811465806530597167098932808525550684530744390594939324266848824934507510
4489334449332588222201319656747544882080323634475069366887951848901616895824160115361353362824624240
1841197338091202952887344411165128910738294442798268119980081161000502690089057449985944326979464953
5891552777157512527297911315471821078489699465487420825081812181841282358127979683303102874470217869
8427044097140865855403475291672785289400900013401951868909222154711864432180924274852349816659828260
4718678699560603359005019914007153040021834559070183691212501416903231798018849596153808198588205315
6880623534648914681091303996567195120045948183298126861733638219346566397104899430494112184877639155
6078570279987553959533623940693126564043146578913429167014159438178705462497801569378286033508215349
2895443287347290637476281942382312019125930644928495417453228553022828710914163955416836764938907506
5351675654931303979710750388045067904512345119935876707344092226201649491530901214464686027125966666
8618266454465112401359413244378520516392164691258949906818759923991265079242133050255614935600481276
3332643851097061769350061120660739706560738895473936263627172769933965357565883518751156752302851488
9165744761539659998058689414662903975416520060678811023859981609079454930120300501971108760695580361
8645631589537768254337582154550678714470518751141146365461379954532863795977200521550783746501270166
9064707084352360765873575827740477060144787184505152226911782723047740079151969899269956202923953613
6295181123221856474773238151749469857088162870281494453487482334571346426524616793104777728231499189
5297596571117894950952433941893071722420720958872737274285921206662650786695798508102395891746251031
6267682548253423421864021255204753850289036008669717178056680937289291976533323029447217867539798415
2455040977242543659240381216756223066053046765638305694823092322068440234738999556372104177968280693
2156987886189508715100522759691174816924240882819337221400893445900613773809312413706085025831265759
7776651401915421359996751194341768116456709205098197822583397557277631749326022933036778921239026999
3936772900401475478782213822725278798706992104587551683884585414291291423679292480182287125344721741
1631444758762463772106187789867493537004528908795167487743764681182719456115679616661109775194804579
2778333713421773253530422372700548939646418126374253468437344048607885081270677268353466162806273140
7669044283776711774140501152562466495752272525565983704608226062570784906841846474564830131914881766
1340797220944903433151832440206474873649032233883796052144627263338465757391820414327278718056462270
4255873999183909489944170529959707601927770011938000066425072799116121692647531850632871643654000212
2841316335367135672547364964596979403647235476852000346370232717653622814851465244525903923444259237
5681291815766726784728023287820942611068536812243233644054187303123571231186513418100628074970953617
8858572306480983025978776265402497849272090220804976998205143283875482614861600917109365189209506154
6244710572958231723606228965291295090961790265461171854786817475371559202720001627037292280430963485
1556666844823079852616312968591521017082965037829666279714733308755386324628122886169744535909385890
9911805066616237644260593107384287288349079383322150836020437689213119055458255201914662667966910021
7290336483542094528847482827643445760416517503210799628970101639661818589099118856481189550903124770
1358205274381476806356643866742016551408361686918667051836281091783290071694820746433499923138610379
8845855537407164452765767580761024089903368317208085532005337982812463728344049371542310963590784444
8591255654712506963903869442587020108280529043397076754822066889687267337331987308659693918624227989
1210833036261771074587996169683034259806199543612551754313045463120048388490836163186987254708620284
7523804824401186985044273526085319442702862392413367602045766412645441556724461637957777373663199825
3481007414007082956482145139106947465095681860425233869150120874236634914780652580451903858786170170
3956104536748008636019108370087372804332958519152422694262717128843422835128483029666971376102460503
3637887324464801017663867190259791874977603456458186800440339481756832003703873439398882432686050588
5029239232113989672980347114211060376986579392052243963040620950308804757978503235886219220484669792
7460717002753442053881502190872796980397042111465583417794325977425681778184322681552673416745114080
6275873490693920213875296575352931450021080634145414869792078805721179095830465127008367741533710829
2718931006348272036609798761951606518900719734560751739298565352129397131130722466674171946102827598
5702528509203354990728655992777881879391968500310984396429911115056109808588986687130322927501194406
8118310820304074883378640383075430079687386015117506153994578471409560770540930271182617698741907089
9743505528016494986740643560326877362278052283119686280509022887092224875509484699441183368430145784
1440812401569595745221979230034645331669433120289689690634474209435395153448643336433821167411187225
3709396253657770542169992254444211386854322561628061573238429488255202544016130141635802281811005955
7480686003223709429453954198844180050011352398742149432407111694321661409403212398017548027980489804
2005714521397857900075135553231516354117122382852536274217436765864547329342454882112516780037567932
3223854458079497716333176471703643570967067583155380818849961339707559146742634260100912588792790975
6993005074173226513701249272493184336496555023887665665701602037739636856787447311562364625190121756
6427255868467567967015380268896586807172099956726223041773532468738119264599194956898616140109501724
2729889510565917367355053538737248399408079279518794429394059252134273373504703439727909815102552200
4547261892294385676415705947102018331584210535505132660045404261917861285355673275663861338243778864
9344183945238245465583763010322154735786632867883318468296358490134921219780601073747398520245629028
3823880593892867958127827545511855999253411801914003222591107380667809880745542358392492615540784721
4532181683884920589944876558134709753683516596127471253100058652113125497879443264569522738972127714
3135695706801282142172776049207137699395598127689912831734469008778796234216877615353410113538648393
2544098750562669244592405428433807402753077228517785404720225122228302613830146960032535835570647139
6287573192715740304389440896128929635740768803260072790526751669211616064861154495017345197421148011
6683075702436323273080835233210765783405274528662097182214299640346415838147812276565829365683171840
5451380745880210513872197663043182101624678772499230471221147155248450265343599298507166310299389042
3182444262279234580421502026457007809894519216768714941065353276927051357277000287196803139324311764
3520343507335466622751963852740639886687849662135753218929438672667240264461582808806225157952948655
5431262711250252039694585785698514683604524592380247880878081610647221360334985233001699872702067509
8364120945662458474978706680567948033828326389331536847459100472737565779539513781448768610178065040
4383101761166430168724902446526803394171769334099583328901101379705119128859805272429937301639396156
5423272063261359370924130763355196283205809893724162995732514480059536353501001776394679414079393363
5357423610674746758616534535679106831907838425319184835801308037295779793670407764498719748177810384
4178687298255828519440625818050922631425772156638991584572128071632160529357340471268060914480210389
1331377857229585507653575608352414663534878410467825006179966477796824195533018875782575983606819435
5708974003738561497781815712222534279426241414408777248657176624394520697456426863235692005086416259
7216634013805285064343425054180323327258030719449704465757937722311481104697259138512993835135177422
8907091825808138928644303966732371954017498351887021497892898052448143887080997532252442344523718756
8092418428663564562077621439403330922017226366347393917518588340058134364378777168265732234284166647
5308698672382995962551429717643205693180070569814818471705725417337461232370354165175201823198215664
7694832757602914421717028555592367987538480810060339605023924716194558230843946147516561225918835543
3528986771411965441594365619314524862152737273711982625204606724177566637287275441874020348410683179
4407788264615863625491272157708275220765285080103817635556957787347772105907856123686739273928653176
5941341938295616114047775769767457605847017795637963714270224132689866703578349380214100767608734454
7308868692790566547901131391403455967263628056198219238079034193517758770662031448054452658796087345
9508809895567402518060646822707889065285282062548871349129361806345109347564902276177878632871151025
4945443312924805659906739553058656126240969951153953587044534179582777961149570917283881329725620126
9359212738092983457525270578901348224209833555130838738686342575853837579956831100980272000143678838
8783926376578440560117291665962178193394657420559305334994407302989992619647679116091704017190959003
7379229503819697628425889908617363435543006783803192381316049819502540958960987838048768629969203251
8926618392695830869428278559694385527348809702552946258718914610872739078672042629435322970832791789
3489171471178240506243906725711302309760351810145659037575312724607715999469948800811822919014573206
9123529120980564746880947203940157098066318211653486388294990640944933768642680762577086886748748525
8989931042594093600150095902231512132996463445582344480356787775515125565623152497691003024898779402
2212996278278117380912217487678388183561786557033201906375952954604358724486724073100214879361766291
3009972181981614626709639713227995704087948228243515631046578960491856338029101149034009483104587049
7342086818105523031588568406419462391573371475434739394888350569455619595089054193692122581244371995
9894036819776024166059016205519025317846029970709406361765394139198812914489988944741552498436711667
7827058811110273104781183378288515423908129928789502867025193639621781296320119565692216384017789313
2758423326342008219505001259478638717268615529980790653269241972832823920196933497862242799318399705
8058564626806738860038430238796230012618511495508835178905063558624404499186636206131522772622235109
6668057177585242114023657241620199089114989813523469910846641326126733754322372108304900187535178709
4720554997165868251259976352371116052699058042747164952962439354532275878239980477509973252552357591
2959982793311416350980957622298486103086780080895177211460090603389876710869236118996683960907632215
4592840651693639915557296912770953039515504869522933978381290200850012781338673996358003371971933242
4062198081727862850053218809132445874070947714813231323314332206307085667852070054179812540582785240
8245827137822562300853026752052561420731964017057168721180662981372485824533143822718479642712392225
6444456819878489864976476152562799969868506089842146247616617148990597823951420101229344017205506398
4978752579978534266711222924848668264649662628099985838732502260358113089589410219862449331666839402
5097248759869800186774734099076487315163705771741594526084612311994082963748854059690143079194407254
6657219146632619921225143566113851930718852737343189502739843454618249952219526111861609145463299635
3888920116128557269649525359754739542950464857484428977122870099749242672649675863541842509000543556
6304573482640808787477165776057789567363064776843894999042766748986053986743322969451162497770058267
7009131432619001318125803106443654678514050096008237899606717124929911814601098135017234130748745742
7528524966487139243094346433795466712971817918059452422623815134272705672881033219370620373790568278
2562242404306136117690217458069210830362590324741871212844138303873428941504001618927352182079667399
1637495580949521064737093727070662191187893268168761404340406841045667485658994060502376882828919584
6287041668843097043225911492175578046485493306429619119677252377756381529736204751672348948004049888
4435467746588139319041462926915004487029294085591414909450491959020040107865250749515144794355214994
6959360404042209262701978869305015866864458733199860932794743845450057220981991797218503623847920960
7162460622333004331908211116524013866006742965495077343726757431592467130494788076987359762350473211
3349059050358189353874039842712794831235110262680979739484492032124827728058373339452736652964203990
7929897301422616544527133033230049807403944764886279994379688440867515629038679009398670621183671124
8040779134243033280192689899340163693825268879309102559844021398899627768365735529676720570521157380
3283188043324061698402232233412664376787222269649424046594891498289183655777083332266759492199988227
1346916653551550161332449384940551226165221754845142965476060933592375668921733382204251074687512803
7528295143073858550499451554949549591608172437480681270553179995282699295538208306097097506848597086
1947492809153711968594311261932027465831252850742704102034929285718349060836775793205779741957245165
4292485676892615501340705082861153774535708691744364051847546878234255825924214168579621032631432333
7343522792619021455090763993040849043364049747209881226672009513457304800288374925628192858625908443
6590989953073097439903381456166130739658054765074199519388010707310358198064914355681486372437325291
1979971279094545457663984289823553975430018006701077523530454411016250654789080555552167680630099273
8836520947139033872995115744278576412621793390610897618037569165457218595307215881492381340338549357
1546427408003404272471355961771167078646635930267676731684404300919684257637564428068839920113641489
7092590529393768097953532472144776962055841740822978589791506166015040624978727526385438791344887857
8868199317987647331538733033977570227669045032077305167675507288761857912087983866213741064928748085
5730867886799177209740748480356936098444276741270798991311820948319768807179924366651337330237285121
8127303076766166173529624621867348648841142882006115005669523415438155443870832879248769211776588898
3639482971936933909694325970122760956744042546027548439950617871470710392037894608668403073421452061
9343878791157462434643783629548585022619892876162572375077050276151836686069043523312469863679503301
7592678957264050745850595023471912888601093377168658305271406576924397087044010190055279875827646173
1448968726683449159539158210995672175628995837522930994445946476459388947050366281205517029799129773
5831630500658076583898299180322948901226861011941833430979907764772613428717049195085098965693289406
6481254864023658860977468111709897834927323027439851648646665305585816981927576459204905244484771219
9586565350157511149979034696313568747213931377132690070083059047131088928496532151013123777324838750
8153150161212759947950991048136481944623410013751087407533792163116401912345191596701465799046202560
5683743047478665140279076989903324155131687404601816599642797663705514030264850126493514216546448362
3891308459404988690565769099822165237604953561441726616426916217795302355360491985286250370317879678
2003623965363563293806823157641820845647417203108666935450041314316015066222161011609700482230643397
3873556470700910680430101004224887638896541509210232133249454059997387666963412734138697066067886034
4655624330466572723159216562861033936813177199629642619486387826925577584553933774784041472190322189
1036760700476508264304900437000475576931358561167728865806538632587302712284628973059524322867495698
5759527724403237432378158038930163772137825824172021741907681385511032095138643516501420164189331445
3776914891555625021629737529416234325335303702113707022145306807875182980584212314910128929259190157
6550440092449496074875705303180700663231230883745790196969119602131925533171662102254972093573566128
5334901146676636214243924556918559028396171101791533932609788826343196079957461453022762781702782223
5558242779416122109294566062828665591896540887429793863714519421185003591338080341939457653147344849
1458576177250986447994815455407274471098887589322131654790304885592447180806652762739252479395963666
8377952229935766932558731585591730665570035539876478075645778908768396163921132938580828150220161250
7887437360198941836793495471603543050597998759962633555448212143280627229108855239149575677781423189
8004902279566234456040550908316033353235996749367719886803212896866265934134967662739159087458552901
4233242329802272288320608906249955472640582110812543316364612001245901437734790760213108423966649570
2768370950204742972881708257688982217049885234813762463217393975685854428456395739444655601564323485
4284451538957673197573630547230703976391360698144207425157447041973237224102440969017210077395958020
6394331439577155628725322064828144481123741786789769346676389044911770477465393048648828984818507848
4504937883458427307252514755076945986637138732690475985759894034683193293085959093255074841643397175
5344735405946013524297195933759131638926476599121816590141711683169210073570358889929394622847499165
3884436451681123933060643880159852656003576399914085827208846600932448491428091940365699234749728622
1258783140579169976979011412564640519277601679511576945104671650621571869218384174842292012561112382
6109238600215741282701092360852583069679268636042597144121935682621363164279883876400737404040198788
5380784294747996023896864332283284804082442545162621001907775330054233405659748410299255427866759895
7368327433297002007578816352975794914391072588870455184635533422508310222482105521004996332361007696
5619895394842626272542544428011787898833481088753223090450171976194529352264212097790342465560825198
5056592239186019806263905335816529206263115295668553117186423571028768056469182725092079861960954038
7158210151013085965760310914259072700706034228788067010948043866388791039715181472677852857265406433
2498747896801532378036472308600585154656898400068638785442673718965311114732616276971055327278399962
5272640968734708371091157533198736347368412937002740628052340073933502708728838865783091382675164952
2581107706491206716050037595972877154232044415447291584996857450733866690555032200237014075376156677
6547611399418313876825014957696771369893807116092309874587131356297949261993037525373002641301486544
4140678921014007500774706460595119815485375372805183930519359446953130667196235318102774904117522346
2104031762355349142821852843607205221228062580236272934508765420370588585955619768788872428278979734
5341518894245746534634989972356867197067730173822117834132956164711377484023515869981658138666373743
8955970423255999209086748714457619316584194827040094637848886031513291349684849580596422799537210687
5129115289108066073701135575275134960128264427481724987146631679223613566482544712755753017516099033
7511955116169298629017098368691401015669483788305579880193603140721549512429936093486784873255002784